

0.500000  0.000000  0.250000  0.250000  0.000000  99.000000

0.500000  0.000000  0.750000  0.000000  0.000000  98.750000

0.250000  0.000000  0.250000  0.000000  0.000000  99.500000

0.500000  0.000000  0.500000  1.500000  0.000000  97.500000

1.520000  0.000000  0.250000  0.760000  0.000000  97.470000

2.280000  0.000000  0.510000  1.520000  0.000000  95.700000

1.250000  0.000000  0.250000  0.250000  0.000000  98.250000

0.250000  0.000000  0.250000  0.000000  0.000000  99.500000

0.250000  0.000000  0.500000  0.000000  0.000000  99.250000

2.990000  0.000000  0.750000  2.740000  0.000000  93.530000

0.510000  0.000000  0.760000  0.000000  0.000000  98.740000

4.010000  0.000000  0.750000  2.010000  0.000000  93.230000

2.530000  0.000000  0.760000  1.520000  0.000000  95.200000

0.500000  0.000000  0.750000  0.000000  0.000000  98.740000

0.250000  0.000000  0.250000  0.000000  0.000000  99.500000

0.250000  0.000000  0.250000  0.000000  0.000000  99.500000

3.250000  0.000000  0.250000  0.250000  0.000000  96.250000

2.000000  0.000000  0.750000  0.250000  0.000000  97.000000

3.020000  0.000000  1.260000  1.510000  0.000000  94.210000

6.980000  0.000000  1.750000  1.250000  0.000000  90.020000

2.260000  0.000000  1.500000  0.000000  0.000000  96.240000

10.490000  0.000000  1.530000  0.510000  0.000000  87.470000

8.460000  0.000000  2.740000  0.000000  0.000000  88.810000

15.990000  0.000000  1.520000  0.250000  0.000000  82.230000

6.310000  0.000000  1.520000  0.000000  0.000000  92.170000

2.780000  0.000000  1.010000  0.000000  0.000000  96.210000

1.260000  0.000000  0.250000  0.000000  0.000000  98.490000

0.500000  0.000000  0.500000  0.000000  0.000000  98.990000

2.780000  0.000000  0.510000  0.000000  0.000000  96.710000

6.020000  0.000000  1.250000  0.250000  0.000000  92.480000

2.010000  0.000000  0.750000  5.760000  0.000000  91.480000

5.610000  0.000000  0.510000  1.790000  0.000000  92.090000

1.260000  0.000000  1.010000  0.000000  0.000000  97.730000

1.010000  0.000000  0.500000  0.000000  0.000000  98.490000

7.830000  0.000000  1.010000  4.550000  0.000000  86.620000

6.160000  0.000000  1.230000  0.990000  0.000000  91.630000

1.760000  0.000000  0.750000  2.010000  0.000000  95.480000

9.770000  0.000000  1.250000  0.000000  0.000000  88.970000

6.550000  0.000000  0.760000  0.000000  0.000000  92.700000

11.780000  0.000000  0.500000  0.000000  0.000000  87.720000

0.250000  0.000000  0.250000  0.000000  0.000000  99.490000

9.790000  0.000000  0.770000  2.060000  0.000000  87.370000

29.100000  0.000000  2.990000  9.200000  0.000000  58.710000

1.770000  0.000000  0.510000  0.000000  0.000000  97.730000

1.010000  0.000000  0.250000  0.000000  0.000000  98.740000

4.360000  0.000000  1.540000  0.260000  0.000000  93.850000

1.270000  0.000000  0.510000  0.000000  0.000000  98.230000

2.260000  0.000000  0.750000  0.500000  0.000000  96.490000

1.750000  0.000000  1.000000  2.010000  0.000000  95.240000

12.810000  0.000000  2.010000  7.790000  0.000000  77.390000

1.770000  0.000000  0.510000  1.520000  0.000000  96.210000

10.200000  0.000000  1.790000  0.000000  0.000000  88.010000

2.260000  0.000000  1.000000  4.510000  0.000000  92.230000

14.860000  0.000000  2.770000  0.760000  0.000000  81.610000

13.400000  0.000000  1.740000  0.000000  0.000000  84.860000

7.750000  0.000000  1.250000  5.000000  0.000000  86.000000

3.280000  0.000000  1.520000  0.000000  0.000000  95.200000

3.550000  0.000000  0.510000  0.000000  0.000000  95.940000

5.790000  0.000000  0.760000  0.000000  0.000000  93.450000

12.110000  0.000000  1.550000  4.380000  0.000000  81.960000

4.280000  0.000000  0.760000  0.250000  0.000000  94.710000

4.030000  0.000000  1.010000  0.250000  0.000000  94.710000

5.780000  0.000000  0.500000  0.000000  0.000000  93.720000

3.520000  0.000000  0.500000  0.000000  0.000000  95.980000

3.770000  0.000000  1.510000  0.250000  0.000000  94.470000

1.010000  0.000000  0.500000  0.000000  0.000000  98.490000

1.520000  0.000000  0.000000  1.010000  0.000000  97.470000

2.010000  0.000000  1.000000  0.000000  0.000000  96.990000

7.270000  0.000000  0.500000  0.000000  0.000000  92.230000

0.500000  0.000000  0.000000  0.250000  0.000000  99.240000

0.250000  0.000000  0.250000  0.000000  0.000000  99.500000






























